39
NULL 0 Common 0
Joined 7 0,255,0,255,0,0,0,0,0,0 Latin 1 0 1 Joined	# Joined [4a 6f 69 6e 65 64 ]a
|Broken|0|1 15 0,255,0,255,0,0,0,0,0,0 Common 2 10 2 |Broken|0|1	# Broken
1 8 0,255,0,255,0,0,0,0,0,0 Common 3 2 3 1	# 1 [31 ]0
2 8 0,255,0,255,0,0,0,0,0,0 Common 4 2 4 2	# 2 [32 ]0
3 8 0,255,0,255,0,0,0,0,0,0 Common 5 2 5 3	# 3 [33 ]0
4 8 0,255,0,255,0,0,0,0,0,0 Common 6 2 6 4	# 4 [34 ]0
5 8 0,255,0,255,0,0,0,0,0,0 Common 7 2 7 5	# 5 [35 ]0
6 8 0,255,0,255,0,0,0,0,0,0 Common 8 2 8 6	# 6 [36 ]0
7 8 0,255,0,255,0,0,0,0,0,0 Common 9 2 9 7	# 7 [37 ]0
8 8 0,255,0,255,0,0,0,0,0,0 Common 10 2 10 8	# 8 [38 ]0
9 8 0,255,0,255,0,0,0,0,0,0 Common 11 2 11 9	# 9 [39 ]0
0 8 0,255,0,255,0,0,0,0,0,0 Common 12 2 12 0	# 0 [30 ]0
a 3 0,255,0,255,0,0,0,0,0,0 Latin 13 0 13 a	# a [61 ]a
b 3 0,255,0,255,0,0,0,0,0,0 Latin 14 0 14 b	# b [62 ]a
c 3 0,255,0,255,0,0,0,0,0,0 Latin 15 0 15 c	# c [63 ]a
d 3 0,255,0,255,0,0,0,0,0,0 Latin 16 0 16 d	# d [64 ]a
e 3 0,255,0,255,0,0,0,0,0,0 Latin 17 0 17 e	# e [65 ]a
f 3 0,255,0,255,0,0,0,0,0,0 Latin 18 0 18 f	# f [66 ]a
g 3 0,255,0,255,0,0,0,0,0,0 Latin 19 0 19 g	# g [67 ]a
h 3 0,255,0,255,0,0,0,0,0,0 Latin 20 0 20 h	# h [68 ]a
i 3 0,255,0,255,0,0,0,0,0,0 Latin 21 0 21 i	# i [69 ]a
j 3 0,255,0,255,0,0,0,0,0,0 Latin 22 0 22 j	# j [6a ]a
k 3 0,255,0,255,0,0,0,0,0,0 Latin 23 0 23 k	# k [6b ]a
l 3 0,255,0,255,0,0,0,0,0,0 Latin 24 0 24 l	# l [6c ]a
m 3 0,255,0,255,0,0,0,0,0,0 Latin 25 0 25 m	# m [6d ]a
n 3 0,255,0,255,0,0,0,0,0,0 Latin 26 0 26 n	# n [6e ]a
o 3 0,255,0,255,0,0,0,0,0,0 Latin 27 0 27 o	# o [6f ]a
p 3 0,255,0,255,0,0,0,0,0,0 Latin 28 0 28 p	# p [70 ]a
q 3 0,255,0,255,0,0,0,0,0,0 Latin 29 0 29 q	# q [71 ]a
r 3 0,255,0,255,0,0,0,0,0,0 Latin 30 0 30 r	# r [72 ]a
s 3 0,255,0,255,0,0,0,0,0,0 Latin 31 0 31 s	# s [73 ]a
t 3 0,255,0,255,0,0,0,0,0,0 Latin 32 0 32 t	# t [74 ]a
v 3 0,255,0,255,0,0,0,0,0,0 Latin 33 0 33 v	# v [76 ]a
w 3 0,255,0,255,0,0,0,0,0,0 Latin 34 0 34 w	# w [77 ]a
u 3 0,255,0,255,0,0,0,0,0,0 Latin 35 0 35 u	# u [75 ]a
x 3 0,255,0,255,0,0,0,0,0,0 Latin 36 0 36 x	# x [78 ]a
y 3 0,255,0,255,0,0,0,0,0,0 Latin 37 0 37 y	# y [79 ]a
z 3 0,255,0,255,0,0,0,0,0,0 Latin 38 0 38 z	# z [7a ]a
